0.0149015 -999999 -999999 -999999 -999999 -999999 -999999 -999999 -999999 -999999 
0.0129927 -999999 -999999 -999999 -999999 -999999 -999999 -999999 -999999 -999999 
0.0127 -999999 -999999 -999999 -999999 -999999 -999999 -999999 -999999 -999999 
0.0122549 -999999 -999999 -999999 -999999 -999999 -999999 -999999 -999999 -999999 
0.0106513 -999999 -999999 -999999 -999999 -999999 -999999 -999999 -999999 -999999 
0.00962241 -999999 -999999 -999999 -999999 -999999 -999999 -999999 -999999 -999999 
0.00895125 -999999 -999999 -999999 -999999 -999999 -999999 -999999 -999999 -999999 
0.00851369 -999999 -999999 -999999 -999999 -999999 -999999 -999999 -999999 -999999 
0.00806782 -999999 -999999 -999999 -999999 -999999 -999999 -999999 -999999 -999999 
0.00774353 -999999 -999999 -999999 -999999 -999999 -999999 -999999 -999999 -999999 
0.00747032 -999999 -999999 -999999 -999999 -999999 -999999 -999999 -999999 -999999 
0.00722033 -999999 -999999 -999999 -999999 -999999 -999999 -999999 -999999 -999999 
0.00704587 -999999 -999999 -999999 -999999 -999999 -999999 -999999 -999999 -999999 
0.00690703 -999999 -999999 -999999 -999999 -999999 -999999 -999999 -999999 -999999 
0.00675577 -999999 -999999 -999999 -999999 -999999 -999999 -999999 -999999 -999999 
0.00685163 -999999 -999999 -999999 -999999 -999999 -999999 -999999 -999999 -999999 
0.00721352 -999999 -999999 -999999 -999999 -999999 -999999 -999999 -999999 -999999 
0.00706547 -999999 -999999 -999999 -999999 -999999 -999999 -999999 -999999 -999999 
0.00698912 -999999 -999999 -999999 -999999 -999999 -999999 -999999 -999999 -999999 
0.00688657 -999999 -999999 -999999 -999999 -999999 -999999 -999999 -999999 -999999 
0.00678623 -999999 -999999 -999999 -999999 -999999 -999999 -999999 -999999 -999999 
0.00670666 -999999 -999999 -999999 -999999 -999999 -999999 -999999 -999999 -999999 
0.0066306 -999999 -999999 -999999 -999999 -999999 -999999 -999999 -999999 -999999 
0.00654974 -999999 -999999 -999999 -999999 -999999 -999999 -999999 -999999 -999999 
0.00659791 -999999 -999999 -999999 -999999 -999999 -999999 -999999 -999999 -999999 
0.00653256 -999999 -999999 -999999 -999999 -999999 -999999 -999999 -999999 -999999 
0.00646845 -999999 -999999 -999999 -999999 -999999 -999999 -999999 -999999 -999999 
0.00641702 -999999 -999999 -999999 -999999 -999999 -999999 -999999 -999999 -999999 
0.00647152 -999999 -999999 -999999 -999999 -999999 -999999 -999999 -999999 -999999 
0.00643384 -999999 -999999 -999999 -999999 -999999 -999999 -999999 -999999 -999999 
0.00650747 -999999 -999999 -999999 -999999 -999999 -999999 -999999 -999999 -999999 
0.00648867 -999999 -999999 -999999 -999999 -999999 -999999 -999999 -999999 -999999 
0.00644433 -999999 -999999 -999999 -999999 -999999 -999999 -999999 -999999 -999999 
0.00640476 -999999 -999999 -999999 -999999 -999999 -999999 -999999 -999999 -999999 
0.00636373 -999999 -999999 -999999 -999999 -999999 -999999 -999999 -999999 -999999 
0.00632333 -999999 -999999 -999999 -999999 -999999 -999999 -999999 -999999 -999999 
0.00628815 -999999 -999999 -999999 -999999 -999999 -999999 -999999 -999999 -999999 
0.0062544 -999999 -999999 -999999 -999999 -999999 -999999 -999999 -999999 -999999 
0.00622467 -999999 -999999 -999999 -999999 -999999 -999999 -999999 -999999 -999999 
0.00623928 -999999 -999999 -999999 -999999 -999999 -999999 -999999 -999999 -999999 
0.0062106 -999999 -999999 -999999 -999999 -999999 -999999 -999999 -999999 -999999 
0.00618295 -999999 -999999 -999999 -999999 -999999 -999999 -999999 -999999 -999999 
0.00615429 -999999 -999999 -999999 -999999 -999999 -999999 -999999 -999999 -999999 
0.00612676 -999999 -999999 -999999 -999999 -999999 -999999 -999999 -999999 -999999 
0.00610257 -999999 -999999 -999999 -999999 -999999 -999999 -999999 -999999 -999999 
0.00607951 -999999 -999999 -999999 -999999 -999999 -999999 -999999 -999999 -999999 
0.00606051 -999999 -999999 -999999 -999999 -999999 -999999 -999999 -999999 -999999 
0.00603808 -999999 -999999 -999999 -999999 -999999 -999999 -999999 -999999 -999999 
0.00600804 -999999 -999999 -999999 -999999 -999999 -999999 -999999 -999999 -999999 
0.00598858 -999999 -999999 -999999 -999999 -999999 -999999 -999999 -999999 -999999 
0.00596698 -999999 -999999 -999999 -999999 -999999 -999999 -999999 -999999 -999999 
0.00595098 -999999 -999999 -999999 -999999 -999999 -999999 -999999 -999999 -999999 
0.00593269 -999999 -999999 -999999 -999999 -999999 -999999 -999999 -999999 -999999 
0.00591699 -999999 -999999 -999999 -999999 -999999 -999999 -999999 -999999 -999999 
0.0058999 -999999 -999999 -999999 -999999 -999999 -999999 -999999 -999999 -999999 
0.00588532 -999999 -999999 -999999 -999999 -999999 -999999 -999999 -999999 -999999 
0.00587278 -999999 -999999 -999999 -999999 -999999 -999999 -999999 -999999 -999999 
0.00584929 -999999 -999999 -999999 -999999 -999999 -999999 -999999 -999999 -999999 
0.00583576 -999999 -999999 -999999 -999999 -999999 -999999 -999999 -999999 -999999 
0.00582172 -999999 -999999 -999999 -999999 -999999 -999999 -999999 -999999 -999999 
0.00580545 -999999 -999999 -999999 -999999 -999999 -999999 -999999 -999999 -999999 
0.00579444 -999999 -999999 -999999 -999999 -999999 -999999 -999999 -999999 -999999 
0.00577997 -999999 -999999 -999999 -999999 -999999 -999999 -999999 -999999 -999999 
0.00576383 -999999 -999999 -999999 -999999 -999999 -999999 -999999 -999999 -999999 
0.00575262 -999999 -999999 -999999 -999999 -999999 -999999 -999999 -999999 -999999 
0.0057401 -999999 -999999 -999999 -999999 -999999 -999999 -999999 -999999 -999999 
0.00572743 -999999 -999999 -999999 -999999 -999999 -999999 -999999 -999999 -999999 
0.00571713 -999999 -999999 -999999 -999999 -999999 -999999 -999999 -999999 -999999 
0.00570595 -999999 -999999 -999999 -999999 -999999 -999999 -999999 -999999 -999999 
0.00569362 -999999 -999999 -999999 -999999 -999999 -999999 -999999 -999999 -999999 
0.00568304 -999999 -999999 -999999 -999999 -999999 -999999 -999999 -999999 -999999 
0.00567492 -999999 -999999 -999999 -999999 -999999 -999999 -999999 -999999 -999999 
0.0056631 -999999 -999999 -999999 -999999 -999999 -999999 -999999 -999999 -999999 
0.00565357 -999999 -999999 -999999 -999999 -999999 -999999 -999999 -999999 -999999 
0.00564432 -999999 -999999 -999999 -999999 -999999 -999999 -999999 -999999 -999999 
0.00562921 -999999 -999999 -999999 -999999 -999999 -999999 -999999 -999999 -999999 
0.00562198 -999999 -999999 -999999 -999999 -999999 -999999 -999999 -999999 -999999 
0.00561386 -999999 -999999 -999999 -999999 -999999 -999999 -999999 -999999 -999999 
0.00560421 -999999 -999999 -999999 -999999 -999999 -999999 -999999 -999999 -999999 
0.00559535 -999999 -999999 -999999 -999999 -999999 -999999 -999999 -999999 -999999 
0.00558792 -999999 -999999 -999999 -999999 -999999 -999999 -999999 -999999 -999999 
0.00557866 -999999 -999999 -999999 -999999 -999999 -999999 -999999 -999999 -999999 
0.00557184 -999999 -999999 -999999 -999999 -999999 -999999 -999999 -999999 -999999 
0.00556382 -999999 -999999 -999999 -999999 -999999 -999999 -999999 -999999 -999999 
0.00555485 -999999 -999999 -999999 -999999 -999999 -999999 -999999 -999999 -999999 
0.00554868 -999999 -999999 -999999 -999999 -999999 -999999 -999999 -999999 -999999 
0.00554112 -999999 -999999 -999999 -999999 -999999 -999999 -999999 -999999 -999999 
0.00553649 -999999 -999999 -999999 -999999 -999999 -999999 -999999 -999999 -999999 
0.00553028 -999999 -999999 -999999 -999999 -999999 -999999 -999999 -999999 -999999 
0.00552356 -999999 -999999 -999999 -999999 -999999 -999999 -999999 -999999 -999999 
0.00551759 -999999 -999999 -999999 -999999 -999999 -999999 -999999 -999999 -999999 
0.00551517 -999999 -999999 -999999 -999999 -999999 -999999 -999999 -999999 -999999 
0.00550848 -999999 -999999 -999999 -999999 -999999 -999999 -999999 -999999 -999999 
0.00550079 -999999 -999999 -999999 -999999 -999999 -999999 -999999 -999999 -999999 
0.00549599 -999999 -999999 -999999 -999999 -999999 -999999 -999999 -999999 -999999 
0.00549241 -999999 -999999 -999999 -999999 -999999 -999999 -999999 -999999 -999999 
0.00548329 -999999 -999999 -999999 -999999 -999999 -999999 -999999 -999999 -999999 
0.00547828 -999999 -999999 -999999 -999999 -999999 -999999 -999999 -999999 -999999 
0.00547395 -999999 -999999 -999999 -999999 -999999 -999999 -999999 -999999 -999999 
0.00546478 -999999 -999999 -999999 -999999 -999999 -999999 -999999 -999999 -999999 
0.00546031 -999999 -999999 -999999 -999999 -999999 -999999 -999999 -999999 -999999 
0.00545523 -999999 -999999 -999999 -999999 -999999 -999999 -999999 -999999 -999999 
0.00544772 -999999 -999999 -999999 -999999 -999999 -999999 -999999 -999999 -999999 
0.00544283 -999999 -999999 -999999 -999999 -999999 -999999 -999999 -999999 -999999 
0.00543849 -999999 -999999 -999999 -999999 -999999 -999999 -999999 -999999 -999999 
0.00543209 -999999 -999999 -999999 -999999 -999999 -999999 -999999 -999999 -999999 
0.00542754 -999999 -999999 -999999 -999999 -999999 -999999 -999999 -999999 -999999 
0.00542268 -999999 -999999 -999999 -999999 -999999 -999999 -999999 -999999 -999999 
0.00541444 -999999 -999999 -999999 -999999 -999999 -999999 -999999 -999999 -999999 
0.00540958 -999999 -999999 -999999 -999999 -999999 -999999 -999999 -999999 -999999 
0.0054056 -999999 -999999 -999999 -999999 -999999 -999999 -999999 -999999 -999999 
0.00539815 -999999 -999999 -999999 -999999 -999999 -999999 -999999 -999999 -999999 
0.00540094 -999999 -999999 -999999 -999999 -999999 -999999 -999999 -999999 -999999 
0.00539832 -999999 -999999 -999999 -999999 -999999 -999999 -999999 -999999 -999999 
0.00539186 -999999 -999999 -999999 -999999 -999999 -999999 -999999 -999999 -999999 
0.00538877 -999999 -999999 -999999 -999999 -999999 -999999 -999999 -999999 -999999 
0.00538495 -999999 -999999 -999999 -999999 -999999 -999999 -999999 -999999 -999999 
0.0053793 -999999 -999999 -999999 -999999 -999999 -999999 -999999 -999999 -999999 
0.00537606 -999999 -999999 -999999 -999999 -999999 -999999 -999999 -999999 -999999 
0.00537321 -999999 -999999 -999999 -999999 -999999 -999999 -999999 -999999 -999999 
0.00536577 -999999 -999999 -999999 -999999 -999999 -999999 -999999 -999999 -999999 
0.00536287 -999999 -999999 -999999 -999999 -999999 -999999 -999999 -999999 -999999 
0.00535995 -999999 -999999 -999999 -999999 -999999 -999999 -999999 -999999 -999999 
0.00535592 -999999 -999999 -999999 -999999 -999999 -999999 -999999 -999999 -999999 
0.0053528 -999999 -999999 -999999 -999999 -999999 -999999 -999999 -999999 -999999 
0.00534945 -999999 -999999 -999999 -999999 -999999 -999999 -999999 -999999 -999999 
0.00534523 -999999 -999999 -999999 -999999 -999999 -999999 -999999 -999999 -999999 
0.00534314 -999999 -999999 -999999 -999999 -999999 -999999 -999999 -999999 -999999 
0.00534057 -999999 -999999 -999999 -999999 -999999 -999999 -999999 -999999 -999999 
0.00533789 -999999 -999999 -999999 -999999 -999999 -999999 -999999 -999999 -999999 
0.00533621 -999999 -999999 -999999 -999999 -999999 -999999 -999999 -999999 -999999 
0.00533378 -999999 -999999 -999999 -999999 -999999 -999999 -999999 -999999 -999999 
0.00533029 -999999 -999999 -999999 -999999 -999999 -999999 -999999 -999999 -999999 
0.00532697 -999999 -999999 -999999 -999999 -999999 -999999 -999999 -999999 -999999 
0.00532364 -999999 -999999 -999999 -999999 -999999 -999999 -999999 -999999 -999999 
0.0053232 -999999 -999999 -999999 -999999 -999999 -999999 -999999 -999999 -999999 
0.00532179 -999999 -999999 -999999 -999999 -999999 -999999 -999999 -999999 -999999 
0.00531881 -999999 -999999 -999999 -999999 -999999 -999999 -999999 -999999 -999999 
0.00531331 -999999 -999999 -999999 -999999 -999999 -999999 -999999 -999999 -999999 
0.00531082 -999999 -999999 -999999 -999999 -999999 -999999 -999999 -999999 -999999 
0.00530863 -999999 -999999 -999999 -999999 -999999 -999999 -999999 -999999 -999999 
0.00530407 -999999 -999999 -999999 -999999 -999999 -999999 -999999 -999999 -999999 
0.00530302 -999999 -999999 -999999 -999999 -999999 -999999 -999999 -999999 -999999 
0.00530047 -999999 -999999 -999999 -999999 -999999 -999999 -999999 -999999 -999999 
0.00529609 -999999 -999999 -999999 -999999 -999999 -999999 -999999 -999999 -999999 
0.00529397 -999999 -999999 -999999 -999999 -999999 -999999 -999999 -999999 -999999 
0.0052912 -999999 -999999 -999999 -999999 -999999 -999999 -999999 -999999 -999999 
0.0052883 -999999 -999999 -999999 -999999 -999999 -999999 -999999 -999999 -999999 
0.0052868 -999999 -999999 -999999 -999999 -999999 -999999 -999999 -999999 -999999 
0.0052857 -999999 -999999 -999999 -999999 -999999 -999999 -999999 -999999 -999999 
0.00528349 -999999 -999999 -999999 -999999 -999999 -999999 -999999 -999999 -999999 
0.00528156 -999999 -999999 -999999 -999999 -999999 -999999 -999999 -999999 -999999 
0.00527931 -999999 -999999 -999999 -999999 -999999 -999999 -999999 -999999 -999999 
0.00527679 -999999 -999999 -999999 -999999 -999999 -999999 -999999 -999999 -999999 
0.00527511 -999999 -999999 -999999 -999999 -999999 -999999 -999999 -999999 -999999 
0.00527329 -999999 -999999 -999999 -999999 -999999 -999999 -999999 -999999 -999999 
0.00527175 -999999 -999999 -999999 -999999 -999999 -999999 -999999 -999999 -999999 
0.005269 -999999 -999999 -999999 -999999 -999999 -999999 -999999 -999999 -999999 
0.00526912 -999999 -999999 -999999 -999999 -999999 -999999 -999999 -999999 -999999 
0.00526636 -999999 -999999 -999999 -999999 -999999 -999999 -999999 -999999 -999999 
0.0052637 -999999 -999999 -999999 -999999 -999999 -999999 -999999 -999999 -999999 
0.00526154 -999999 -999999 -999999 -999999 -999999 -999999 -999999 -999999 -999999 
0.00525968 -999999 -999999 -999999 -999999 -999999 -999999 -999999 -999999 -999999 
0.00525786 -999999 -999999 -999999 -999999 -999999 -999999 -999999 -999999 -999999 
0.00525527 -999999 -999999 -999999 -999999 -999999 -999999 -999999 -999999 -999999 
0.00525283 -999999 -999999 -999999 -999999 -999999 -999999 -999999 -999999 -999999 
0.00524909 -999999 -999999 -999999 -999999 -999999 -999999 -999999 -999999 -999999 
0.00524653 -999999 -999999 -999999 -999999 -999999 -999999 -999999 -999999 -999999 
0.00524255 -999999 -999999 -999999 -999999 -999999 -999999 -999999 -999999 -999999 
0.00524034 -999999 -999999 -999999 -999999 -999999 -999999 -999999 -999999 -999999 
0.00523758 -999999 -999999 -999999 -999999 -999999 -999999 -999999 -999999 -999999 
0.00523619 -999999 -999999 -999999 -999999 -999999 -999999 -999999 -999999 -999999 
0.00523576 -999999 -999999 -999999 -999999 -999999 -999999 -999999 -999999 -999999 
0.00523357 -999999 -999999 -999999 -999999 -999999 -999999 -999999 -999999 -999999 
0.00523708 -999999 -999999 -999999 -999999 -999999 -999999 -999999 -999999 -999999 
0.00523487 -999999 -999999 -999999 -999999 -999999 -999999 -999999 -999999 -999999 
0.00523391 -999999 -999999 -999999 -999999 -999999 -999999 -999999 -999999 -999999 
0.00523277 -999999 -999999 -999999 -999999 -999999 -999999 -999999 -999999 -999999 
0.00522815 -999999 -999999 -999999 -999999 -999999 -999999 -999999 -999999 -999999 
0.00522725 -999999 -999999 -999999 -999999 -999999 -999999 -999999 -999999 -999999 
0.00522623 -999999 -999999 -999999 -999999 -999999 -999999 -999999 -999999 -999999 
0.00522462 -999999 -999999 -999999 -999999 -999999 -999999 -999999 -999999 -999999 
0.00522522 -999999 -999999 -999999 -999999 -999999 -999999 -999999 -999999 -999999 
0.00527353 -0.999101 0.0313698 0.0285199 0.000659226 0.684111 -0.729378 -0.0423912 -0.728703 -0.683516 
0.00527199 -999999 -999999 -999999 -999999 -999999 -999999 -999999 -999999 -999999 
0.00527295 -999999 -999999 -999999 -999999 -999999 -999999 -999999 -999999 -999999 
0.00527329 -999999 -999999 -999999 -999999 -999999 -999999 -999999 -999999 -999999 
0.00527289 -0.999122 0.0415866 0.00500689 0.0244164 0.67535 -0.737093 -0.0340346 -0.736324 -0.675773 
0.00527553 -0.999058 0.0431962 0.00404527 0.0262087 0.6752 -0.737169 -0.0345743 -0.736369 -0.675696 
0.00527639 -999999 -999999 -999999 -999999 -999999 -999999 -999999 -999999 -999999 
0.00527422 -999999 -999999 -999999 -999999 -999999 -999999 -999999 -999999 -999999 
0.00527474 -999999 -999999 -999999 -999999 -999999 -999999 -999999 -999999 -999999 
0.0052738 -999999 -999999 -999999 -999999 -999999 -999999 -999999 -999999 -999999 
0.00527421 -999999 -999999 -999999 -999999 -999999 -999999 -999999 -999999 -999999 
0.00527512 -999999 -999999 -999999 -999999 -999999 -999999 -999999 -999999 -999999 
0.00527859 -999999 -999999 -999999 -999999 -999999 -999999 -999999 -999999 -999999 
0.00527983 -999999 -999999 -999999 -999999 -999999 -999999 -999999 -999999 -999999 
0.0052841 -0.998703 0.0399253 0.0316012 0.00299728 0.665647 -0.746261 -0.0508299 -0.745198 -0.664903 
0.005284 -999999 -999999 -999999 -999999 -999999 -999999 -999999 -999999 -999999 
0.00528402 -999999 -999999 -999999 -999999 -999999 -999999 -999999 -999999 -999999 
0.00528385 -999999 -999999 -999999 -999999 -999999 -999999 -999999 -999999 -999999 
0.00528256 -999999 -999999 -999999 -999999 -999999 -999999 -999999 -999999 -999999 
0.00528134 -999999 -999999 -999999 -999999 -999999 -999999 -999999 -999999 -999999 
0.00528122 -999999 -999999 -999999 -999999 -999999 -999999 -999999 -999999 -999999 
0.00528007 -999999 -999999 -999999 -999999 -999999 -999999 -999999 -999999 -999999 
0.00527971 -999999 -999999 -999999 -999999 -999999 -999999 -999999 -999999 -999999 
0.00527982 -999999 -999999 -999999 -999999 -999999 -999999 -999999 -999999 -999999 
0.00527871 -999999 -999999 -999999 -999999 -999999 -999999 -999999 -999999 -999999 
0.00527798 -999999 -999999 -999999 -999999 -999999 -999999 -999999 -999999 -999999 
0.00527434 -999999 -999999 -999999 -999999 -999999 -999999 -999999 -999999 -999999 
0.005273 -999999 -999999 -999999 -999999 -999999 -999999 -999999 -999999 -999999 
0.0052715 -999999 -999999 -999999 -999999 -999999 -999999 -999999 -999999 -999999 
0.00527057 -999999 -999999 -999999 -999999 -999999 -999999 -999999 -999999 -999999 
0.00526962 -999999 -999999 -999999 -999999 -999999 -999999 -999999 -999999 -999999 
0.00526843 -999999 -999999 -999999 -999999 -999999 -999999 -999999 -999999 -999999 
0.00526726 -999999 -999999 -999999 -999999 -999999 -999999 -999999 -999999 -999999 
0.00526696 -999999 -999999 -999999 -999999 -999999 -999999 -999999 -999999 -999999 
0.0052676 -999999 -999999 -999999 -999999 -999999 -999999 -999999 -999999 -999999 
0.00526556 -999999 -999999 -999999 -999999 -999999 -999999 -999999 -999999 -999999 
0.00526482 -999999 -999999 -999999 -999999 -999999 -999999 -999999 -999999 -999999 
0.00526389 -999999 -999999 -999999 -999999 -999999 -999999 -999999 -999999 -999999 
0.00526338 -999999 -999999 -999999 -999999 -999999 -999999 -999999 -999999 -999999 
0.00526381 -999999 -999999 -999999 -999999 -999999 -999999 -999999 -999999 -999999 
0.00526278 -999999 -999999 -999999 -999999 -999999 -999999 -999999 -999999 -999999 
0.00525994 -999999 -999999 -999999 -999999 -999999 -999999 -999999 -999999 -999999 
0.00525944 -999999 -999999 -999999 -999999 -999999 -999999 -999999 -999999 -999999 
0.00525827 -999999 -999999 -999999 -999999 -999999 -999999 -999999 -999999 -999999 
0.00526121 -0.997321 0.0730045 -0.00452669 0.0561404 0.724331 -0.687163 -0.0468872 -0.685576 -0.726489 
0.00526382 -0.996301 0.0809048 0.028971 0.0391852 0.72774 -0.684733 -0.0764815 -0.681064 -0.728218 
0.00526394 -999999 -999999 -999999 -999999 -999999 -999999 -999999 -999999 -999999 
0.00526648 -0.997671 0.068197 0.00161757 0.0478172 0.716048 -0.696412 -0.0486515 -0.694712 -0.717641 
0.00526874 -0.998015 0.0598432 0.0196351 0.0304059 0.73082 -0.681893 -0.0551564 -0.679942 -0.731189 
0.0052881 -999999 -999999 -999999 -999999 -999999 -999999 -999999 -999999 -999999 
0.00529947 -999999 -999999 -999999 -999999 -999999 -999999 -999999 -999999 -999999 
0.00529935 -0.998836 0.0475094 0.00832473 0.0280816 0.713126 -0.700473 -0.0392156 -0.699424 -0.713631 
0.00529916 -999999 -999999 -999999 -999999 -999999 -999999 -999999 -999999 -999999 
0.00529733 -999999 -999999 -999999 -999999 -999999 -999999 -999999 -999999 -999999 
0.00529687 -0.998915 0.0463237 -0.00482418 0.0350837 0.680297 -0.732096 -0.0306315 -0.731471 -0.681184 
0.00529949 -0.998897 0.0426491 -0.0196402 0.0440259 0.705329 -0.707511 -0.0163219 -0.707596 -0.706429 
0.00530174 -0.998624 0.0407573 -0.0330027 0.0521023 0.699358 -0.71287 -0.00597389 -0.713608 -0.700519 
0.00529887 -999999 -999999 -999999 -999999 -999999 -999999 -999999 -999999 -999999 
0.00529865 -999999 -999999 -999999 -999999 -999999 -999999 -999999 -999999 -999999 
0.00529773 -999999 -999999 -999999 -999999 -999999 -999999 -999999 -999999 -999999 
0.00529571 -999999 -999999 -999999 -999999 -999999 -999999 -999999 -999999 -999999 
0.00529637 -0.998522 0.0407719 -0.0359272 0.0542592 0.711416 -0.700673 -0.00300859 -0.701587 -0.712577 
0.00529887 -0.998906 0.0425428 -0.0194164 0.0441551 0.721291 -0.691223 -0.0154017 -0.691324 -0.72238 
0.00530669 -999999 -999999 -999999 -999999 -999999 -999999 -999999 -999999 -999999 
0.00530857 -0.998647 0.0505137 0.0123662 0.0300258 0.754191 -0.655968 -0.0424618 -0.654709 -0.754687 
0.00531903 -0.998168 0.0591463 -0.012713 0.0536342 0.767957 -0.638252 -0.0279872 -0.637765 -0.769723 
0.00532997 -0.997244 0.0717306 -0.0189526 0.067908 0.779601 -0.622584 -0.0298828 -0.622155 -0.782323 
0.0053316 -0.995909 0.0849028 -0.0309274 0.0857439 0.779953 -0.619937 -0.0285125 -0.620052 -0.784042 
0.00533253 -0.994894 0.0972341 -0.0270495 0.0935434 0.787757 -0.608842 -0.0378918 -0.608264 -0.79283 
0.00533372 -0.994166 0.102014 -0.0350361 0.102685 0.795688 -0.59694 -0.0330184 -0.597055 -0.801521 
0.00533457 -0.993706 0.104242 -0.0410224 0.108689 0.808476 -0.578405 -0.0271286 -0.579223 -0.814717 
0.00533692 -0.992106 0.108257 -0.0632996 0.125047 0.815882 -0.564535 -0.00947002 -0.567994 -0.822978 
0.00534779 -0.99192 0.109715 -0.0636962 0.126563 0.821152 -0.5565 -0.00875241 -0.560065 -0.828403 
0.00536271 -0.992502 0.109317 -0.0546703 0.121278 0.825216 -0.551644 -0.0151893 -0.554138 -0.832286 
0.00536357 -0.99309 0.107558 -0.0469331 0.115706 0.830719 -0.544535 -0.0195807 -0.546203 -0.837424 
0.00536456 -0.993095 0.109092 -0.0431505 0.115178 0.83675 -0.535334 -0.0222945 -0.536608 -0.843537 
0.00536604 -0.992913 0.110244 -0.0443812 0.116951 0.840083 -0.529701 -0.0211123 -0.531137 -0.847023 
0.00536895 -0.991978 0.108559 -0.0647645 0.126262 0.826096 -0.549203 -0.00611912 -0.552974 -0.833176 
0.00536774 -0.991678 0.106213 -0.0727538 0.128741 0.81944 -0.55852 0.000295253 -0.563238 -0.826295 
0.0053697 -0.991672 0.107428 -0.0710336 0.128789 0.826162 -0.548516 -0.000240775 -0.553096 -0.833117 
0.0053714 -0.991655 0.109617 -0.0678496 0.128883 0.831098 -0.540985 -0.00291135 -0.545215 -0.838291 
0.00537106 -0.992401 0.110305 -0.0545299 0.122249 0.833445 -0.53891 -0.0139969 -0.541481 -0.840596 
0.00537244 -0.991826 0.113306 -0.0586802 0.126877 0.826844 -0.547933 -0.0135649 -0.5509 -0.834461 
0.00537403 -0.992076 0.114877 -0.050878 0.12385 0.826061 -0.549804 -0.0211314 -0.551749 -0.833743 
0.00537302 -0.992339 0.114808 -0.0456406 0.120321 0.814185 -0.568001 -0.0280512 -0.569141 -0.821761 
0.00537282 -999999 -999999 -999999 -999999 -999999 -999999 -999999 -999999 -999999 
0.00537391 -999999 -999999 -999999 -999999 -999999 -999999 -999999 -999999 -999999 
0.00538421 -0.99301 0.115489 0.0243567 0.0754564 0.77985 -0.621402 -0.0907599 -0.615221 -0.783113 
0.0053859 -0.990054 0.133965 0.042971 0.0783972 0.778953 -0.622163 -0.116821 -0.612606 -0.781708 
0.00538491 -999999 -999999 -999999 -999999 -999999 -999999 -999999 -999999 -999999 
0.00538655 -0.990184 0.131119 0.0484061 0.0645594 0.736231 -0.673643 -0.123966 -0.663906 -0.73747 
0.00538593 -0.991691 0.127661 0.015877 0.0777044 0.692784 -0.716947 -0.102526 -0.709756 -0.696947 
0.00538421 -999999 -999999 -999999 -999999 -999999 -999999 -999999 -999999 -999999 
0.00538227 -999999 -999999 -999999 -999999 -999999 -999999 -999999 -999999 -999999 
0.00537952 -999999 -999999 -999999 -999999 -999999 -999999 -999999 -999999 -999999 
0.00537847 -999999 -999999 -999999 -999999 -999999 -999999 -999999 -999999 -999999 
0.00537713 -999999 -999999 -999999 -999999 -999999 -999999 -999999 -999999 -999999 
0.00537507 -999999 -999999 -999999 -999999 -999999 -999999 -999999 -999999 -999999 
0.00537393 -999999 -999999 -999999 -999999 -999999 -999999 -999999 -999999 -999999 
0.00537353 -999999 -999999 -999999 -999999 -999999 -999999 -999999 -999999 -999999 
0.00537143 -999999 -999999 -999999 -999999 -999999 -999999 -999999 -999999 -999999 
0.00536993 -999999 -999999 -999999 -999999 -999999 -999999 -999999 -999999 -999999 
0.00536943 -999999 -999999 -999999 -999999 -999999 -999999 -999999 -999999 -999999 
0.0053683 -999999 -999999 -999999 -999999 -999999 -999999 -999999 -999999 -999999 
0.00536676 -999999 -999999 -999999 -999999 -999999 -999999 -999999 -999999 -999999 
0.005365 -999999 -999999 -999999 -999999 -999999 -999999 -999999 -999999 -999999 
0.00536341 -999999 -999999 -999999 -999999 -999999 -999999 -999999 -999999 -999999 
0.00536223 -999999 -999999 -999999 -999999 -999999 -999999 -999999 -999999 -999999 
0.00536281 -999999 -999999 -999999 -999999 -999999 -999999 -999999 -999999 -999999 
0.00536476 -999999 -999999 -999999 -999999 -999999 -999999 -999999 -999999 -999999 
0.00537102 -999999 -999999 -999999 -999999 -999999 -999999 -999999 -999999 -999999 
0.00536938 -999999 -999999 -999999 -999999 -999999 -999999 -999999 -999999 -999999 
0.0053674 -999999 -999999 -999999 -999999 -999999 -999999 -999999 -999999 -999999 
0.00536599 -999999 -999999 -999999 -999999 -999999 -999999 -999999 -999999 -999999 
0.00536489 -999999 -999999 -999999 -999999 -999999 -999999 -999999 -999999 -999999 
0.00536362 -999999 -999999 -999999 -999999 -999999 -999999 -999999 -999999 -999999 
0.0053627 -999999 -999999 -999999 -999999 -999999 -999999 -999999 -999999 -999999 
0.00536126 -999999 -999999 -999999 -999999 -999999 -999999 -999999 -999999 -999999 
0.00536963 -999999 -999999 -999999 -999999 -999999 -999999 -999999 -999999 -999999 
0.0053692 -999999 -999999 -999999 -999999 -999999 -999999 -999999 -999999 -999999 
0.00536819 -999999 -999999 -999999 -999999 -999999 -999999 -999999 -999999 -999999 
0.00536677 -999999 -999999 -999999 -999999 -999999 -999999 -999999 -999999 -999999 
0.00536561 -999999 -999999 -999999 -999999 -999999 -999999 -999999 -999999 -999999 
0.00536396 -999999 -999999 -999999 -999999 -999999 -999999 -999999 -999999 -999999 
0.00536134 -999999 -999999 -999999 -999999 -999999 -999999 -999999 -999999 -999999 
0.00535998 -999999 -999999 -999999 -999999 -999999 -999999 -999999 -999999 -999999 
0.00535893 -999999 -999999 -999999 -999999 -999999 -999999 -999999 -999999 -999999 
0.0053565 -999999 -999999 -999999 -999999 -999999 -999999 -999999 -999999 -999999 
0.00536387 -999999 -999999 -999999 -999999 -999999 -999999 -999999 -999999 -999999 
0.00536454 -999999 -999999 -999999 -999999 -999999 -999999 -999999 -999999 -999999 
0.0053617 -999999 -999999 -999999 -999999 -999999 -999999 -999999 -999999 -999999 
0.00535921 -999999 -999999 -999999 -999999 -999999 -999999 -999999 -999999 -999999 
0.00535956 -999999 -999999 -999999 -999999 -999999 -999999 -999999 -999999 -999999 
0.00535826 -999999 -999999 -999999 -999999 -999999 -999999 -999999 -999999 -999999 
0.00536858 -999999 -999999 -999999 -999999 -999999 -999999 -999999 -999999 -999999 
0.00536714 -999999 -999999 -999999 -999999 -999999 -999999 -999999 -999999 -999999 
0.00536529 -999999 -999999 -999999 -999999 -999999 -999999 -999999 -999999 -999999 
0.00536475 -999999 -999999 -999999 -999999 -999999 -999999 -999999 -999999 -999999 
0.00536312 -999999 -999999 -999999 -999999 -999999 -999999 -999999 -999999 -999999 
0.00535997 -999999 -999999 -999999 -999999 -999999 -999999 -999999 -999999 -999999 
0.00535886 -999999 -999999 -999999 -999999 -999999 -999999 -999999 -999999 -999999 
0.0053591 -999999 -999999 -999999 -999999 -999999 -999999 -999999 -999999 -999999 
0.00535884 -999999 -999999 -999999 -999999 -999999 -999999 -999999 -999999 -999999 
0.00535783 -999999 -999999 -999999 -999999 -999999 -999999 -999999 -999999 -999999 
0.0053557 -999999 -999999 -999999 -999999 -999999 -999999 -999999 -999999 -999999 
0.00535443 -999999 -999999 -999999 -999999 -999999 -999999 -999999 -999999 -999999 
0.00535378 -999999 -999999 -999999 -999999 -999999 -999999 -999999 -999999 -999999 
0.00535453 -999999 -999999 -999999 -999999 -999999 -999999 -999999 -999999 -999999 
0.00535672 -999999 -999999 -999999 -999999 -999999 -999999 -999999 -999999 -999999 
0.00535854 -999999 -999999 -999999 -999999 -999999 -999999 -999999 -999999 -999999 
0.00535929 -999999 -999999 -999999 -999999 -999999 -999999 -999999 -999999 -999999 
0.00536064 -999999 -999999 -999999 -999999 -999999 -999999 -999999 -999999 -999999 
0.00536237 -999999 -999999 -999999 -999999 -999999 -999999 -999999 -999999 -999999 
0.00536468 -999999 -999999 -999999 -999999 -999999 -999999 -999999 -999999 -999999 
0.00536346 -999999 -999999 -999999 -999999 -999999 -999999 -999999 -999999 -999999 
0.00536165 -999999 -999999 -999999 -999999 -999999 -999999 -999999 -999999 -999999 
0.00536067 -999999 -999999 -999999 -999999 -999999 -999999 -999999 -999999 -999999 
0.00536167 -999999 -999999 -999999 -999999 -999999 -999999 -999999 -999999 -999999 
0.00536254 -999999 -999999 -999999 -999999 -999999 -999999 -999999 -999999 -999999 
0.00536437 -999999 -999999 -999999 -999999 -999999 -999999 -999999 -999999 -999999 
0.00536487 -999999 -999999 -999999 -999999 -999999 -999999 -999999 -999999 -999999 
0.00536611 -999999 -999999 -999999 -999999 -999999 -999999 -999999 -999999 -999999 
0.00536976 -999999 -999999 -999999 -999999 -999999 -999999 -999999 -999999 -999999 
0.0053669 -999999 -999999 -999999 -999999 -999999 -999999 -999999 -999999 -999999 
0.00536592 -999999 -999999 -999999 -999999 -999999 -999999 -999999 -999999 -999999 
0.00536607 -999999 -999999 -999999 -999999 -999999 -999999 -999999 -999999 -999999 
0.005364 -999999 -999999 -999999 -999999 -999999 -999999 -999999 -999999 -999999 
0.005365 -999999 -999999 -999999 -999999 -999999 -999999 -999999 -999999 -999999 
0.00536703 -999999 -999999 -999999 -999999 -999999 -999999 -999999 -999999 -999999 
0.00537168 -999999 -999999 -999999 -999999 -999999 -999999 -999999 -999999 -999999 
0.00537372 -999999 -999999 -999999 -999999 -999999 -999999 -999999 -999999 -999999 
0.00537465 -999999 -999999 -999999 -999999 -999999 -999999 -999999 -999999 -999999 
0.00537499 -999999 -999999 -999999 -999999 -999999 -999999 -999999 -999999 -999999 
0.00537383 -999999 -999999 -999999 -999999 -999999 -999999 -999999 -999999 -999999 
0.00537354 -999999 -999999 -999999 -999999 -999999 -999999 -999999 -999999 -999999 
0.00537196 -999999 -999999 -999999 -999999 -999999 -999999 -999999 -999999 -999999 
0.00537251 -0.988728 0.130766 0.0729212 0.0792507 0.870296 -0.486112 -0.12703 -0.474853 -0.870849 
0.0053732 -999999 -999999 -999999 -999999 -999999 -999999 -999999 -999999 -999999 
0.00537478 -0.988743 0.134034 0.0664987 0.0952992 0.906772 -0.41071 -0.115348 -0.399749 -0.909338 
0.00537621 -999999 -999999 -999999 -999999 -999999 -999999 -999999 -999999 -999999 
0.0053788 -0.988903 0.13291 0.0663735 0.0921546 0.899231 -0.427657 -0.116525 -0.416795 -0.901501 
0.00538217 -0.989146 0.129105 0.0701629 0.0896449 0.90856 -0.408023 -0.116425 -0.397305 -0.910272 
0.00538375 -0.989472 0.127935 0.0676521 0.0882541 0.903898 -0.418545 -0.114697 -0.408168 -0.905673 
0.00538628 -0.990308 0.122374 0.0656879 0.0884167 0.920201 -0.38133 -0.107111 -0.371827 -0.922102 
0.00539604 -0.989913 0.122621 0.0709632 0.0870761 0.921708 -0.377985 -0.111756 -0.367993 -0.923088 
0.00539939 -0.990146 0.120848 0.0707523 0.0845004 0.918497 -0.386294 -0.111669 -0.376509 -0.919658 
0.00540072 -0.990449 0.120079 0.0677602 0.0868459 0.925029 -0.369837 -0.10709 -0.36042 -0.926622 
0.00540266 -0.990236 0.120264 0.0704881 0.0861761 0.925592 -0.368583 -0.10957 -0.35891 -0.926919 
0.00540487 -0.990273 0.119823 0.0707245 0.0844538 0.921588 -0.37887 -0.110576 -0.369212 -0.922743 
0.00540827 -0.989992 0.122149 0.0706791 0.0880541 0.926032 -0.367031 -0.110284 -0.357134 -0.92752 
0.0054118 -0.990239 0.12096 0.0692529 0.0893234 0.932145 -0.350896 -0.106998 -0.341284 -0.93385 
0.00541421 -999999 -999999 -999999 -999999 -999999 -999999 -999999 -999999 -999999 
0.00541759 -999999 -999999 -999999 -999999 -999999 -999999 -999999 -999999 -999999 
0.00542117 -0.989054 0.131291 0.0673399 0.106028 0.949768 -0.294447 -0.102615 -0.284084 -0.953292 
0.00542027 -0.988889 0.132494 0.067414 0.10548 0.944918 -0.309846 -0.104754 -0.299292 -0.948394 
0.00542102 -0.988204 0.13702 0.0684016 0.106076 0.934565 -0.339611 -0.110459 -0.328349 -0.938076 
0.00542191 -0.987702 0.136444 0.076344 0.107568 0.947376 -0.30151 -0.113466 -0.28959 -0.950402 
0.0054283 -0.987883 0.1349 0.0767372 0.105863 0.947276 -0.302424 -0.113488 -0.290636 -0.950079 
0.00543589 -0.986709 0.14453 0.0742724 0.115496 0.945287 -0.305113 -0.114307 -0.292479 -0.949416 
0.00544192 -0.987088 0.144236 0.0696603 0.126438 0.968624 -0.213967 -0.0983363 -0.202397 -0.974354 
0.00544561 -0.986837 0.147013 0.0673816 0.128879 0.966614 -0.221466 -0.0976904 -0.209866 -0.972837 
0.00544947 -0.986036 0.152753 0.0663236 0.130441 0.956038 -0.262632 -0.103526 -0.250314 -0.962614 
0.0054536 -0.985279 0.152818 0.0766292 0.137474 0.974708 -0.176197 -0.101617 -0.163069 -0.981368 
0.00545945 -0.985434 0.151656 0.0769486 0.135733 0.974001 -0.181379 -0.102455 -0.168293 -0.980398 
0.0054638 -999999 -999999 -999999 -999999 -999999 -999999 -999999 -999999 -999999 
0.00546531 -0.984678 0.153975 0.081855 0.136435 0.972596 -0.188264 -0.1086 -0.174211 -0.978701 
0.00546529 -0.984823 0.152 0.0837846 0.134467 0.97342 -0.185396 -0.109738 -0.171316 -0.979086 
0.00546625 -0.98522 0.155086 0.0727313 0.134078 0.962452 -0.23603 -0.106605 -0.222789 -0.96902 
0.00546703 -0.984642 0.154204 0.0818594 0.137363 0.973674 -0.181909 -0.107755 -0.167871 -0.979902 
0.00547007 -0.984697 0.153274 0.0829453 0.136162 0.973678 -0.182787 -0.108778 -0.168695 -0.979647 
0.00547378 -0.984875 0.157228 0.0728087 0.136549 0.96298 -0.23243 -0.106658 -0.218972 -0.969884 
0.00547865 -0.984146 0.156559 0.0833363 0.138796 0.972378 -0.187659 -0.110414 -0.173117 -0.978693 
0.00548223 -0.984329 0.156059 0.0821096 0.138671 0.972662 -0.186275 -0.108935 -0.171969 -0.979061 
0.00548609 -0.984562 0.158119 0.0750676 0.138348 0.965723 -0.219632 -0.107223 -0.205856 -0.97269 
0.00548958 -0.984093 0.158578 0.0800921 0.139909 0.96961 -0.200703 -0.109485 -0.186304 -0.976373 
0.00549015 -0.984248 0.15774 0.0798371 0.139736 0.970744 -0.19527 -0.108303 -0.181038 -0.977495 
0.00548934 -0.98385 0.160955 0.0783085 0.140102 0.964756 -0.222751 -0.111402 -0.208183 -0.971725 
0.00549158 -0.982764 0.163876 0.0855498 0.141388 0.964451 -0.223256 -0.119095 -0.207312 -0.970998 
0.00549194 -0.982853 0.162963 0.0862743 0.141659 0.966847 -0.212459 -0.118037 -0.196594 -0.973354 
0.00549578 -0.982818 0.165441 0.0818468 0.142176 0.961319 -0.235907 -0.117709 -0.220217 -0.968323 
0.00550036 -0.982064 0.171088 0.079236 0.146369 0.956698 -0.251603 -0.118851 -0.235493 -0.964582 
0.00550474 -0.981297 0.175092 0.0799973 0.150936 0.957757 -0.244787 -0.119478 -0.228134 -0.966271 
0.00551223 -0.980019 0.181706 0.0809005 0.154411 0.951413 -0.266402 -0.125377 -0.248587 -0.960461 
0.00551652 -0.977877 0.191677 0.0837623 0.162235 0.947734 -0.274737 -0.132045 -0.25507 -0.957864 
0.00552158 -0.976888 0.195053 0.0874324 0.16654 0.950944 -0.260709 -0.133996 -0.240123 -0.96145 
0.00553027 -0.975643 0.201174 0.0874596 0.169771 0.944953 -0.279717 -0.138917 -0.258056 -0.956091 
0.00553363 -0.974007 0.205254 0.0958182 0.172296 0.94592 -0.274863 -0.147053 -0.251209 -0.956697 
0.00553597 -0.972989 0.209373 0.0972342 0.175142 0.943911 -0.279925 -0.150389 -0.255334 -0.955085 
0.00553855 -0.971698 0.213319 0.101483 0.176516 0.941161 -0.288198 -0.15699 -0.262127 -0.952178 
0.00554361 -0.971292 0.214536 0.102789 0.177836 0.941808 -0.285258 -0.158006 -0.258789 -0.952923 
0.00554776 -0.970264 0.216262 0.108708 0.176745 0.93987 -0.292243 -0.165372 -0.26434 -0.950145 
0.0055522 -0.970335 0.216408 0.107786 0.177207 0.939912 -0.291826 -0.164463 -0.264068 -0.950379 
0.00555413 -0.969666 0.218518 0.109531 0.17788 0.938179 -0.296948 -0.167648 -0.268457 -0.948591 
0.00555776 -0.969056 0.220382 0.111186 0.178339 0.936506 -0.301914 -0.170663 -0.272742 -0.946829 
0.00556099 -0.967962 0.220672 0.119802 0.177251 0.93845 -0.296467 -0.17785 -0.265734 -0.947499 
0.00556473 -0.967349 0.222736 0.120928 0.176853 0.93499 -0.307435 -0.181544 -0.27601 -0.943854 
0.00556481 -0.966954 0.222544 0.124399 0.175086 0.934311 -0.310497 -0.185326 -0.278455 -0.9424 
0.00556417 -0.967429 0.220556 0.124241 0.17481 0.937052 -0.302285 -0.18309 -0.270721 -0.945086 
0.00556447 -0.968025 0.219124 0.122118 0.173145 0.935888 -0.306812 -0.181519 -0.275857 -0.943904 
0.00556517 -0.967944 0.218935 0.12309 0.172309 0.9354 -0.308765 -0.182738 -0.277658 -0.94314 
0.00556618 -0.968184 0.216808 0.124959 0.172248 0.939625 -0.295695 -0.181523 -0.264763 -0.947074 
0.00557104 -0.96887 0.216059 0.120867 0.171123 0.937269 -0.303716 -0.178905 -0.273578 -0.945065 
0.00557373 -0.969127 0.215961 0.118971 0.171338 0.936846 -0.304899 -0.177303 -0.275101 -0.944925 
0.00557491 -0.969592 0.212985 0.120536 0.171661 0.942936 -0.285313 -0.174425 -0.255946 -0.950825 
0.00557734 -0.970097 0.21209 0.118022 0.172894 0.945107 -0.277272 -0.17035 -0.248576 -0.953515 
0.00557922 -0.970439 0.213127 0.11325 0.174885 0.944349 -0.278603 -0.166325 -0.250561 -0.953706 
0.00558065 -0.970281 0.211877 0.116888 0.176564 0.950211 -0.256757 -0.16547 -0.228488 -0.959382 
0.0055804 -0.971662 0.212102 0.104332 0.17922 0.948862 -0.259887 -0.154119 -0.233824 -0.959986 
0.00558009 -0.972203 0.213998 0.0950108 0.180648 0.943712 -0.277083 -0.148958 -0.252217 -0.956137 
0.00557904 -0.972441 0.213868 0.0928435 0.182166 0.945484 -0.269955 -0.145517 -0.245602 -0.958386 
0.00557967 -0.974247 0.212103 0.0765151 0.18393 0.943846 -0.274454 -0.130431 -0.253313 -0.958551 
0.0055817 -0.975628 0.20645 0.0743503 0.18034 0.947427 -0.264308 -0.125008 -0.244458 -0.961568 
0.00558206 -0.975586 0.20977 0.0650247 0.183372 0.940992 -0.284445 -0.120856 -0.265576 -0.956485 
0.00558396 -0.976824 0.207295 0.0533173 0.185325 0.94374 -0.273879 -0.107091 -0.25765 -0.960285 
0.0055858 -0.977613 0.205725 0.0441676 0.185488 0.941708 -0.28068 -0.0993357 -0.266203 -0.958785 
0.0055875 -0.977535 0.207357 0.0377947 0.188437 0.940113 -0.284042 -0.0944293 -0.270539 -0.958067 
0.00558882 -0.978276 0.205934 0.0238319 0.191783 0.942662 -0.273144 -0.0787152 -0.26264 -0.961678 
0.00558902 -0.978586 0.205173 0.0165626 0.191843 0.938249 -0.287896 -0.0746083 -0.278554 -0.957518 
0.00558891 -0.978653 0.205491 0.00330794 0.195515 0.935858 -0.29316 -0.0633377 -0.286255 -0.956058 
0.00559031 -0.978496 0.205886 -0.0124913 0.199814 0.931126 -0.305089 -0.0511827 -0.301024 -0.952242 
0.00559013 -0.978354 0.205539 -0.0240389 0.203236 0.932458 -0.298692 -0.0389776 -0.297112 -0.954047 
0.00559122 -0.978285 0.203724 -0.0381407 0.20556 0.930133 -0.304299 -0.0265169 -0.305531 -0.951813 
0.00559219 -0.977909 0.203184 -0.0490875 0.208279 0.927262 -0.311134 -0.0177005 -0.314484 -0.949098 
0.00559327 -0.977584 0.202459 -0.0577894 0.210263 0.924564 -0.31776 -0.0109033 -0.322788 -0.946409 
0.00559485 -0.976689 0.202529 -0.0711403 0.214657 0.923043 -0.31924 0.00101028 -0.327069 -0.945 
0.00559608 -0.975995 0.202666 -0.0797564 0.217681 0.919548 -0.32718 0.00703176 -0.336687 -0.94159 
0.00560088 -0.975312 0.203342 -0.0861357 0.220601 0.915022 -0.337742 0.0101388 -0.348406 -0.937289 
0.00560093 -0.974383 0.204603 -0.0933521 0.224209 0.916136 -0.332303 0.0175328 -0.344721 -0.938541 
0.00560075 -0.973743 0.204755 -0.0995028 0.226596 0.913794 -0.337097 0.0219027 -0.350793 -0.936197 
0.00560017 -0.972635 0.205416 -0.10856 0.230437 0.91254 -0.337889 0.0296572 -0.353659 -0.934904 
