%YAML:1.0
calibration_time: "lun 26 ott 2015 10:29:51 CET"
nr_of_frames: 25
image_width: 640
image_height: 480
board_width: 9
board_height: 6
square_size: 24.
fix_aspect_ratio: 1.
# flags:  +fix_aspect_ratio
flags: 2
camera_matrix: !!opencv-matrix
   rows: 3
   cols: 3
   dt: d
   data: [ 4.9628386831887707e+02, 0., 3.2535068361305036e+02, 0.,
       4.9628386831887707e+02, 2.7886669536660781e+02, 0., 0., 1. ]
distortion_coefficients: !!opencv-matrix
   rows: 5
   cols: 1
   dt: d
   data: [ -2.2712944050124861e-01, 7.8496901717761614e-01,
       1.1054903601616017e-02, 7.7909048654634253e-03,
       -1.0853739556407858e+00 ]
avg_reprojection_error: 9.4064407909469150e-01
per_view_reprojection_errors: !!opencv-matrix
   rows: 25
   cols: 1
   dt: f
   data: [ 5.45953214e-01, 6.22573614e-01, 3.17842698e+00,
       8.48909855e-01, 1.34933412e+00, 7.16713250e-01, 6.76127613e-01,
       1.20852041e+00, 5.06567657e-01, 6.68930292e-01, 5.89332581e-01,
       4.21548158e-01, 6.86712027e-01, 1.33467066e+00, 6.43399000e-01,
       6.12997472e-01, 4.53871429e-01, 7.49715507e-01, 6.70040786e-01,
       4.93981868e-01, 4.80243474e-01, 3.96254420e-01, 4.00221705e-01,
       1.84108958e-01, 2.12157369e-01 ]
extrinsic_parameters: !!opencv-matrix
   rows: 25
   cols: 6
   dt: d
   data: [ -4.0350320900513831e-01, -2.9358821668635871e-01,
       -1.5921001592597859e+00, -5.5182347919328649e+01,
       8.0044022450377227e+01, 2.8441679644094421e+02,
       -4.6665111480289240e-01, -3.7233955737719271e-01,
       -2.0678875465599416e+00, -1.5366944566179644e+01,
       1.0552358072269642e+02, 2.6155660634198199e+02,
       -5.8516747181038176e-01, -5.7791266640617933e-01,
       -2.1286880234091288e+00, -8.6575263275364964e+00,
       8.4835176782975864e+01, 2.4321737703559901e+02,
       -5.3699264018653103e-01, -5.2606486172535227e-01,
       -2.5790888557465759e+00, 5.2361077973154302e+01,
       5.8096135083302642e+01, 2.5556574015196114e+02,
       -5.9361399968043216e-01, -3.9461856529316802e-01,
       -2.8743171586273051e+00, 7.7232543232854809e+01,
       4.2216042965676500e+01, 2.6272361808598561e+02,
       2.8248050361002569e-01, 9.1776699177096877e-01,
       2.9469075844957611e+00, 9.5655932012176876e+01,
       3.3754056508963167e+01, 2.4065253717833008e+02,
       3.4719928714212783e-01, 6.0813917377567284e-01,
       2.8589915383000823e+00, 9.7607030213376575e+01,
       2.3830067780074067e+01, 2.5197862623022019e+02,
       1.2072657788751036e-01, 4.9523277454998371e-01,
       2.5822143360627416e+00, 1.1514163674742530e+02,
       -3.5347765563498541e+00, 2.6833340498780530e+02,
       4.2403803695930206e-02, 5.2382891559038747e-01,
       2.1387495381557402e+00, 1.1775393636017357e+02,
       -6.1424590974238505e+01, 2.8713110947707958e+02,
       -4.4485342996283081e-02, 4.8148072659204277e-01,
       1.9335029662274021e+00, 1.1266095827695931e+02,
       -8.7901737189425859e+01, 3.1061813696297799e+02,
       -1.7874456015785956e-01, 5.2840609045061049e-01,
       1.6301015798207421e+00, 7.9874775060588192e+01,
       -1.1310095502174289e+02, 3.4076445206532418e+02,
       -2.2636478502928239e-01, 3.7780665091103849e-01,
       1.4568865182006632e+00, 5.9135533212085008e+01,
       -1.0994907528224923e+02, 3.3253050189851598e+02,
       -2.6844709902100855e-01, 4.5934894029839218e-01,
       1.4081626737507764e+00, 5.2694826702548632e+01,
       -1.0344286875219093e+02, 3.1423823771368598e+02,
       -2.9620875037950051e-01, 5.1597111710968391e-01,
       9.5910772818967194e-01, 1.1267676980354659e+01,
       -1.3331085349271223e+02, 3.3594336803028585e+02,
       -1.9710351158801689e-01, 4.4628926177276979e-01,
       7.4541445993859679e-01, -5.0558073133164605e+00,
       -1.3900767152099584e+02, 3.3551641404086126e+02,
       -1.9304363792362209e-01, 4.3246974196820143e-01,
       5.6598025871270807e-01, -2.6107863537725525e+01,
       -1.3935291597033287e+02, 3.3901491329299159e+02,
       1.3173538486280192e-01, 3.3749977255345132e-01,
       7.3106319426627442e-01, 8.3955155983742369e-02,
       -1.5087123155957252e+02, 2.9980511460450907e+02,
       1.0304499289064233e-01, 2.1672106382304843e-01,
       1.1887138285785368e+00, 4.3215249872437354e+01,
       -1.4335242371498396e+02, 2.4944960440885905e+02,
       1.0168929106723389e-01, -4.5291929443905615e-02,
       1.4988641897256212e+00, 7.8669306010699529e+01,
       -1.0663262108265289e+02, 3.4001914406417410e+02,
       -2.7645683981374924e-01, 1.2321809880999329e-01,
       1.5694060473598885e+00, 1.0234936058569383e+02,
       -1.0144302916688686e+02, 5.0262015723815676e+02,
       -1.6884251149659532e-01, -9.7688325237299797e-02,
       1.5893003553202916e+00, 1.1350795614744675e+02,
       -1.2959063126421088e+02, 4.2966911176801460e+02,
       -1.6670425188039090e-01, -9.3631304172243288e-02,
       1.6123002096629355e+00, 1.1188890583463719e+02,
       -1.1839256345169009e+02, 4.4704116787322903e+02,
       -1.9030360083061823e-01, 2.6227484014907609e-01,
       1.0849281751392879e+00, 5.6251664460815341e+01,
       -1.3108410497101880e+02, 4.8766539743019780e+02,
       -3.6410510213619818e-03, 3.0378366366339588e-01,
       9.7293489597310923e-01, 4.1369353820673162e+01,
       -1.2301281590028509e+02, 5.1005846074969463e+02,
       -6.0997527186967958e-02, 2.9942863624712163e-01,
       1.0036402647887439e+00, 4.7523235434297916e+01,
       -1.2237216031541661e+02, 5.0318020345683237e+02 ]
