%YAML:1.0
aruco_bc_nmarkers: 25
aruco_bc_mInfoType: 0
aruco_bc_markers:
   - { id:1021, corners:[ [ -145., -145., 0. ], [ -95., -145., 0. ], [
       -95., -95., 0. ], [ -145., -95., 0. ] ] }
   - { id:272, corners:[ [ -85., -145., 0. ], [ -35., -145., 0. ], [
       -35., -95., 0. ], [ -85., -95., 0. ] ] }
   - { id:792, corners:[ [ -25., -145., 0. ], [ 25., -145., 0. ], [ 25.,
       -95., 0. ], [ -25., -95., 0. ] ] }
   - { id:141, corners:[ [ 35., -145., 0. ], [ 85., -145., 0. ], [ 85.,
       -95., 0. ], [ 35., -95., 0. ] ] }
   - { id:534, corners:[ [ 95., -145., 0. ], [ 145., -145., 0. ], [ 145.,
       -95., 0. ], [ 95., -95., 0. ] ] }
   - { id:706, corners:[ [ -145., -85., 0. ], [ -95., -85., 0. ], [ -95.,
       -35., 0. ], [ -145., -35., 0. ] ] }
   - { id:317, corners:[ [ -85., -85., 0. ], [ -35., -85., 0. ], [ -35.,
       -35., 0. ], [ -85., -35., 0. ] ] }
   - { id:239, corners:[ [ -25., -85., 0. ], [ 25., -85., 0. ], [ 25.,
       -35., 0. ], [ -25., -35., 0. ] ] }
   - { id:605, corners:[ [ 35., -85., 0. ], [ 85., -85., 0. ], [ 85.,
       -35., 0. ], [ 35., -35., 0. ] ] }
   - { id:106, corners:[ [ 95., -85., 0. ], [ 145., -85., 0. ], [ 145.,
       -35., 0. ], [ 95., -35., 0. ] ] }
   - { id:708, corners:[ [ -145., -25., 0. ], [ -95., -25., 0. ], [ -95.,
       25., 0. ], [ -145., 25., 0. ] ] }
   - { id:804, corners:[ [ -85., -25., 0. ], [ -35., -25., 0. ], [ -35.,
       25., 0. ], [ -85., 25., 0. ] ] }
   - { id:90, corners:[ [ -25., -25., 0. ], [ 25., -25., 0. ], [ 25.,
       25., 0. ], [ -25., 25., 0. ] ] }
   - { id:309, corners:[ [ 35., -25., 0. ], [ 85., -25., 0. ], [ 85.,
       25., 0. ], [ 35., 25., 0. ] ] }
   - { id:452, corners:[ [ 95., -25., 0. ], [ 145., -25., 0. ], [ 145.,
       25., 0. ], [ 95., 25., 0. ] ] }
   - { id:447, corners:[ [ -145., 35., 0. ], [ -95., 35., 0. ], [ -95.,
       85., 0. ], [ -145., 85., 0. ] ] }
   - { id:397, corners:[ [ -85., 35., 0. ], [ -35., 35., 0. ], [ -35.,
       85., 0. ], [ -85., 85., 0. ] ] }
   - { id:110, corners:[ [ -25., 35., 0. ], [ 25., 35., 0. ], [ 25., 85.,
       0. ], [ -25., 85., 0. ] ] }
   - { id:145, corners:[ [ 35., 35., 0. ], [ 85., 35., 0. ], [ 85., 85.,
       0. ], [ 35., 85., 0. ] ] }
   - { id:327, corners:[ [ 95., 35., 0. ], [ 145., 35., 0. ], [ 145.,
       85., 0. ], [ 95., 85., 0. ] ] }
   - { id:520, corners:[ [ -145., 95., 0. ], [ -95., 95., 0. ], [ -95.,
       145., 0. ], [ -145., 145., 0. ] ] }
   - { id:89, corners:[ [ -85., 95., 0. ], [ -35., 95., 0. ], [ -35.,
       145., 0. ], [ -85., 145., 0. ] ] }
   - { id:1004, corners:[ [ -25., 95., 0. ], [ 25., 95., 0. ], [ 25.,
       145., 0. ], [ -25., 145., 0. ] ] }
   - { id:879, corners:[ [ 35., 95., 0. ], [ 85., 95., 0. ], [ 85., 145.,
       0. ], [ 35., 145., 0. ] ] }
   - { id:741, corners:[ [ 95., 95., 0. ], [ 145., 95., 0. ], [ 145.,
       145., 0. ], [ 95., 145., 0. ] ] }
