%YAML:1.0
aruco_bc_nmarkers: 5
aruco_bc_mInfoType: 0
aruco_bc_markers:
   - { id:347, corners:[ [ -145., -25., 0. ], [ -95., -25., 0. ], [ -95.,
       25., 0. ], [ -145., 25., 0. ] ] }
   - { id:713, corners:[ [ -85., -25., 0. ], [ -35., -25., 0. ], [ -35.,
       25., 0. ], [ -85., 25., 0. ] ] }
   - { id:73, corners:[ [ -25., -25., 0. ], [ 25., -25., 0. ], [ 25.,
       25., 0. ], [ -25., 25., 0. ] ] }
   - { id:263, corners:[ [ 35., -25., 0. ], [ 85., -25., 0. ], [ 85.,
       25., 0. ], [ 35., 25., 0. ] ] }
   - { id:647, corners:[ [ 95., -25., 0. ], [ 145., -25., 0. ], [ 145.,
       25., 0. ], [ 95., 25., 0. ] ] }
